27902
27955
27984
28016
28024
28046
28179
28184
28185
28186
28187
28298
28330
28332
28437
28485
28538
28559
28622
28633
28678
28713
28746
28756
28779
28854
28948
29046
29155
29208
29214
29218
29233
29247
29384
29396
29426
29456
29529
29657
29665
4133
25292
25312
25371
25387
25406
25423
25438
25497
25515
25525
25528
25551
25565
25589
25644
25688
25721
25724
25752
25755
25766
25848
25876
25888
25908
25915
25923
25925
25929
25946
25960
26071
26087
26118
26130
26163
26172
26192
26193
26194
26195
26200
26210
26215
26217
26222
26238
26245
26248
26252
26263
26281
26286
26290
26304
26306
26317
26330
26331
26332
26340
26347
26383
26387
26390
26391
26394
26410
26413
26418
26419
26423
26466
26468
26480
26491
26507
26528
26530
26535
26538
26801
26814
26832
26840
26861
26863
26866
26867
26881
26897
26901
26981
26982
26983
26987
26997
27001
27005
27029
27046
27052
27057
27080
27151
27155
27332
27354
27374
27415
27442
27469
27479
27483
27486
27507
27545
27591
27647
27651
27653
27662
27677
27683
27699
27711
27723
27734
27738
27745
27750
27769
27770
27913
27942
27966
27968
27988
28205
28214
28217
28242
28309
28328
28357
28421
28473
28499
28539
28550
28601
28624
28625
28643
28667
28822
28867
28883
28887
28933
29040
29197
29362
29368
29397
29401
29619
29696
29772
15214
23708
24227
24296
24301
24309
24313
24391
24396
24417
24418
24436
24472
24499
24501
24518
24530
24537
24573
24589
24653
24664
24676
24677
24680
24692
24702
24707
24708
24718
24719
24720
24734
24747
24754
24757
24769
24772
24779
24783
24847
24851
24854
24869
24871
24875
24886
24907
24915
24964
24971
24979
24986
25025
25030
25032
25036
25044
25050
25055
25074
25086
25094
25098
25099
25121
25122
25124
25132
25151
25160
25169
25193
25201
25205
25209
25214
25215
25234
25236
25243
25249
25252
25269
25275
25278
25286
25297
25301
25302
25304
25334
25346
25362
25368
25386
25390
25428
25446
25447
25476
25499
25529
25536
25537
25538
25573
25648
25673
25695
25712
25714
25745
25756
25757
25758
25759
25760
25761
25762
25768
25781
25838
25887
25966
25996
26048
26084
26124
26153
26216
26236
26257
26282
26319
26354
26357
26384
26388
26408
26477
26489
26499
26518
26520
26601
26663
26702
26705
26708
26817
26848
26975
26990
27028
27213
27288
27401
27412
27491
27530
27556
27565
27578
27586
27589
27652
27654
27725
27729
27730
27735
27739
27741
27752
27759
27763
27764
27767
27774
27775
27786
27789
27811
27814
27862
27874
27896
27904
27905
27941
27972
27986
28026
28034
28059
28442
28452
28488
28621
28662
28682
28826
29086
29196
29244
29271
29272
29318
29365
29382
29438
29460
29523
29639
29709
4854
22815
22853
22902
22904
22967
22971
22998
23142
23143
23337
23354
23387
23612
23632
23666
23671
23678
23728
23729
23751
23760
23798
23811
23824
23879
23882
23888
23900
23944
23948
23965
23971
23990
23991
23997
24014
24030
24034
24036
24037
24042
24044
24061
24065
24069
24091
24092
24095
24096
24119
24120
24121
24128
24137
24138
24154
24162
24164
24171
24190
24191
24193
24194
24201
24218
24223
24242
24244
24264
24290
24299
24314
24316
24319
24325
24328
24338
24355
24360
24387
24388
24402
24420
24424
24428
24451
24471
24500
24506
24508
24511
24525
24548
24570
24571
24579
24588
24591
24598
24621
24622
24641
24659
24710
24737
24738
24813
24844
24863
24865
24876
24894
24973
25029
25058
25059
25065
25141
25217
25229
25251
25267
25272
25276
25283
25364
25486
25489
25490
25541
25542
25563
25572
25574
25632
25669
25694
25715
25725
25728
25751
25801
25828
25896
25901
25912
25921
26014
26105
26117
26131
26244
26256
26287
26316
26318
26338
26344
26374
26395
26425
26481
26521
26524
26666
26703
26704
26813
26845
26850
26859
27018
27198
27241
27249
27315
27358
27364
27370
27522
27550
27552
27570
27577
27622
27642
27664
27666
27695
27704
27757
27758
27761
27765
27776
27784
27787
27799
27807
27810
27812
27824
27826
27829
27832
27844
27846
27917
27953
27969
27980
27989
28020
28071
28072
28102
28240
28241
28262
28664
28839
28891
28909
28949
29180
29211
29243
14954
15581
22192
22223
22240
22254
22293
22313
22402
22413
22418
22423
22440
22441
22442
22444
22450
22508
22509
22516
22530
22535
22540
22565
22585
22597
22600
22629
22630
22636
22637
22653
22664
22671
22683
22694
22698
22707
22709
22720
22723
22738
22764
22765
22770
22771
22774
22775
22776
22784
22796
22807
22818
22828
22829
22845
22850
22886
22906
22908
22920
22996
23112
23246
23251
23254
23259
23287
23315
23332
23361
23446
23555
23622
23656
23667
23692
23698
23710
23720
23733
23735
23769
23817
23818
23850
23856
23858
23860
23861
23864
23866
23867
23871
23880
23898
23938
23943
23966
23969
23970
23976
23994
23995
24015
24017
24020
24041
24045
24054
24067
24068
24083
24141
24165
24166
24176
24179
24196
24315
24327
24393
24395
24456
24473
24482
24493
24583
24596
24611
24661
24665
24706
24741
24791
24814
24852
24908
24911
24936
25090
25093
25177
25232
25239
25287
25288
25298
25323
25326
25348
25349
25485
25566
25660
25722
25738
25754
25802
25941
26024
26031
26032
26114
26115
26123
26239
26255
26272
26323
26345
26639
26693
26865
26890
26911
26914
27006
27011
27012
27065
27073
27171
27196
27244
27377
27382
27394
27395
27465
27467
27520
27524
27529
27558
27619
27643
27686
27701
27756
27771
27797
27827
27834
27840
27878
27954
28039
28060
28067
28068
28084
28085
28089
28090
28091
28094
28096
28104
28177
28188
28193
28466
28475
28634
28818
28819
28827
28849
28923
29024
29277
29278
29279
29305
29333
29395
29405
29491
29577
29618
29631
29647
21438
21464
21497
21505
21567
21595
21638
21640
21647
21654
21657
21658
21665
21684
21691
21743
21762
21778
21786
21803
21814
21847
21848
21850
21902
21903
21921
21925
21929
21933
21948
21951
21956
21958
21961
21962
21963
21964
21966
21967
21971
21975
21991
21993
22004
22005
22011
22013
22019
22023
22029
22030
22033
22042
22049
22050
22055
22056
22057
22066
22075
22077
22083
22097
22103
22104
22116
22119
22121
22128
22157
22168
22174
22182
22194
22230
22234
22236
22241
22246
22263
22268
22286
22314
22336
22343
22346
22388
22399
22400
22409
22414
22422
22428
22446
22476
22495
22514
22531
22631
22635
22651
22652
22675
22722
22728
22734
22737
22744
22750
22753
22768
22777
22782
22792
22794
22833
22839
22864
22865
22869
22881
22882
22905
22914
22917
22919
22973
23175
23239
23335
23363
23367
23375
23386
23445
23481
23520
23571
23598
23652
23722
23762
23771
23796
23813
23827
23828
23832
23833
23835
23840
23868
23902
23920
23940
23992
23993
23999
24004
24011
24038
24053
24102
24136
24169
24197
24211
24217
24311
24351
24354
24356
24362
24407
24521
24547
24549
24575
24651
24691
24743
24753
24955
25033
25092
25133
25156
25172
25186
25240
25264
25324
25399
25434
25455
25494
25511
25557
25652
25655
25718
25776
25783
25803
25829
25860
25861
25867
25935
25976
25999
26142
26160
26488
26536
26728
26797
26909
27054
27079
27153
27220
27367
27487
27497
27536
27604
27625
27626
27637
27638
27639
27670
27675
27676
27823
27962
28037
28052
28098
28099
28146
28228
28261
28283
28445
28807
29029
29145
29146
29282
29315
29452
29457
29566
29567
29629
13694
14374
20355
20549
20568
20632
20700
20715
20789
20812
20814
20863
20877
20918
20921
20938
20953
20992
21010
21013
21017
21036
21058
21083
21084
21088
21101
21107
21127
21130
21139
21152
21181
21200
21202
21204
21221
21224
21226
21230
21237
21261
21262
21265
21284
21286
21320
21325
21330
21354
21356
21362
21369
21370
21377
21380
21381
21422
21427
21433
21441
21454
21459
21468
21488
21502
21512
21518
21519
21525
21530
21558
21596
21605
21621
21626
21629
21652
21705
21720
21730
21735
21739
21780
21801
21804
21805
21817
21820
21908
21910
21912
21926
21945
21980
21987
21992
22001
22003
22008
22051
22062
22080
22099
22101
22109
22127
22142
22143
22144
22189
22221
22256
22278
22287
22308
22334
22364
22410
22424
22443
22483
22536
22539
22609
22677
22731
22749
22769
22786
22830
22834
22863
22870
22883
22969
23174
23208
23245
23252
23409
23410
23428
23430
23460
23629
23630
23634
23716
23717
23731
23746
23764
23777
23787
23795
23805
23836
23841
23852
23919
23998
24006
24010
24016
24039
24143
24145
23998
23998
24006
23998
23998
23998
23998
23998
24006
23998
24006
23998
23998
23998
24006
24016
23998
23998
23998
23998
23998
24006
23998
23998
23998
23998
23998
23998
24145
25321
25877
28148
28148
28206
28209
28206
29235
20453
23800
27628
19256
19258
19553
19553
18293
18409
16633
16644
2265
2395
3306
7103
10547
15236
16358
25010
1474
26443
23445
21497
26982
17569
25881
28283
25209
3306
9012
9012
16358
4231
4231
4231
26443
6558
2905
1402
28189
23697
27604
21992
28437
28499
26118
28779
27558
26087
24525
26388
24570
27683
17571
27249
25762
23251
23251
29606
17439
29772
28421
